ARG 0 0 0.06568071589589453 0.07138465742195506 0.0733656670537605 0.07042830794453173 0.07128219140651684 0.07121388072955803 0.07152127877587267 0.06991597786734066 0.07056492929844935 0.06595395860372977 0.06445112371063597 0.06021586173918984 0.05980599767743698 0.058064075414987364 0.05615137646014072 
ARG 0 1 0.09016067677283825 0.08505081473911316 0.08664054959404985 0.08045193890876058 0.07392267075455629 0.0702322148413104 0.0705728723102254 0.06296485550445693 0.06171577811843525 0.058876965877476865 0.05535683869868847 0.056435587350252656 0.050871515357974226 0.04894112303412252 0.04780559813773917 
ARG 0 2 0.09682990008634514 0.09004563957074134 0.09066239052670531 0.08005427408412483 0.07339336375971382 0.07573701739237695 0.07006290859750833 0.06599235228814605 0.0638953990378685 0.05587763661033675 0.0541507339336376 0.049833477241889725 0.0471197730356482 0.0440360182558283 0.04230911557912915 
ARG 0 3 0.08860103626943006 0.0849740932642487 0.08031088082901554 0.07875647668393783 0.0766839378238342 0.07357512953367876 0.0694300518134715 0.0655440414507772 0.06347150259067358 0.061139896373056994 0.054922279792746116 0.0538860103626943 0.05284974093264249 0.050518134715025906 0.04533678756476684 
ARG 0 4 0.09422049538610976 0.07576493443419136 0.0718795531811559 0.07867897037396794 0.06653715395823215 0.06896551724137931 0.05779504613890238 0.06799417192812045 0.06556580864497329 0.06702282661486159 0.06216610004856726 0.054881010199125786 0.06168042739193783 0.05245264691597863 0.054395337542496355 
ARG 0 5 0.0700589970501475 0.08923303834808259 0.07227138643067847 0.07374631268436578 0.07079646017699115 0.06858407079646017 0.0715339233038348 0.06563421828908554 0.058997050147492625 0.061946902654867256 0.0612094395280236 0.056784660766961655 0.056784660766961655 0.06932153392330384 0.05309734513274336 
ARG 0 6 0.07655038759689922 0.0687984496124031 0.0939922480620155 0.06782945736434108 0.06492248062015504 0.08042635658914729 0.07461240310077519 0.05813953488372093 0.04941860465116279 0.06395348837209303 0.0755813953488372 0.05910852713178295 0.0436046511627907 0.06201550387596899 0.061046511627906974 
ARG 0 7 0.09957924263674614 0.08415147265077139 0.07573632538569425 0.05890603085553997 0.061711079943899017 0.06732117812061711 0.08134642356241234 0.06591865357643759 0.06311360448807854 0.05049088359046283 0.051893408134642355 0.07152875175315568 0.05049088359046283 0.061711079943899017 0.056100981767180924 
ARG 0 8 0.04568527918781726 0.0532994923857868 0.046954314720812185 0.05203045685279188 0.06598984771573604 0.07741116751269035 0.06472081218274112 0.06979695431472081 0.08629441624365482 0.07106598984771574 0.07487309644670051 0.09263959390862944 0.06218274111675127 0.06345177664974619 0.07360406091370558 
ARG 0 9 0.04203718674211803 0.0549717057396928 0.05578011317704123 0.05092966855295069 0.06143896523848019 0.05578011317704123 0.06628940986257073 0.07356507679870655 0.07679870654810024 0.0646725949878739 0.08003233629749394 0.08084074373484236 0.068714632174616 0.08164915117219078 0.08649959579628133 
ARG 0 10 0.05608974358974359 0.049679487179487176 0.05608974358974359 0.0625 0.05074786324786325 0.06196581196581197 0.06944444444444445 0.0625 0.06623931623931624 0.06517094017094018 0.0876068376068376 0.06517094017094018 0.08440170940170941 0.07852564102564102 0.08386752136752136 
ARG 0 11 0.05149700598802395 0.04640718562874251 0.04970059880239521 0.05419161676646707 0.0592814371257485 0.0655688622754491 0.06946107784431138 0.06796407185628743 0.06766467065868263 0.06826347305389222 0.06826347305389222 0.06826347305389222 0.0877245508982036 0.08263473053892216 0.09311377245508982 
ARG 0 12 0.04547998880492583 0.04394066610691296 0.04268122026308424 0.049398264763504056 0.05289672544080604 0.05653512454520011 0.061293031066330814 0.06367198432689616 0.06633081444164568 0.07500699692135461 0.07808564231738035 0.08242373355723481 0.08438287153652393 0.09669745312062693 0.10117548278757346 
ARG 0 13 0.039177432111784864 0.03959926179804904 0.0451885051410493 0.046032164513577646 0.05141049301344582 0.052675982072238337 0.05879251252306881 0.06522541523859741 0.07176377537569206 0.0723437911943053 0.08093857105193777 0.08816240442921171 0.08842604798312681 0.09749538623780649 0.10276825731610863 
ARG 0 14 0.046114717890368785 0.05017513330209937 0.053298529772661356 0.053588559444927825 0.05845213394908864 0.06083930125158959 0.06434196729357695 0.06652834482297035 0.07857573120942374 0.07522923499096446 0.07821877161278808 0.07627780380608169 0.07928965040269505 0.07873190103295183 0.08033821921781228 
ARG 0 15 0.07552619003095846 0.07500675268549108 0.07409254295746848 0.07392632300691891 0.0748613102287602 0.07361466059963848 0.06941760684826197 0.06956304930499284 0.06507511064015459 0.0626441438633672 0.06150138170333894 0.059776849716387206 0.056514783186852005 0.05609923331047809 0.05238006191693158 
ARG 0 16 0.09424700569408993 0.09687806793638327 0.08721774985273906 0.08215197329668172 0.08014922442568231 0.0765364225407422 0.06789711368545062 0.06754368741409777 0.05811898684468879 0.05819752601610053 0.05085411348910269 0.05112900058904379 0.046141763204398195 0.0418221087767524 0.04111525623404673 
ARG 0 17 0.11007734558905952 0.09539289317341106 0.0906849007958749 0.08395919739939468 0.07801815939917049 0.07532787804057842 0.06714493890819415 0.0654635130590741 0.059634570115457905 0.055487053020961775 0.0531330568321937 0.04495011769980944 0.040690505548705305 0.041138885775137315 0.03889698464297724 
ARG 0 18 0.10076441973592773 0.09833217512161223 0.08582348853370396 0.08200138985406533 0.08582348853370396 0.07366226546212648 0.06775538568450312 0.06184850590687978 0.06323835997220292 0.05489923558026407 0.04933981931897151 0.04968728283530229 0.04378040305767894 0.04030576789437109 0.042738012508686585 
ARG 0 19 0.10599078341013825 0.08571428571428572 0.08847926267281106 0.09032258064516129 0.07834101382488479 0.08018433179723503 0.060829493087557605 0.06175115207373272 0.06175115207373272 0.047926267281105994 0.05622119815668203 0.054377880184331796 0.04608294930875576 0.03870967741935484 0.04331797235023042 
ARG 0 20 0.08904109589041095 0.1278538812785388 0.0958904109589041 0.07990867579908675 0.0867579908675799 0.06164383561643835 0.05707762557077625 0.05251141552511415 0.0639269406392694 0.0365296803652968 0.0547945205479452 0.0593607305936073 0.0547945205479452 0.0502283105022831 0.02968036529680365 
ARG 0 21 0.0735930735930736 0.09523809523809523 0.0735930735930736 0.08225108225108226 0.030303030303030304 0.08225108225108226 0.0735930735930736 0.06493506493506493 0.05194805194805195 0.07792207792207792 0.08658008658008658 0.05627705627705628 0.05194805194805195 0.05627705627705628 0.04329004329004329 
ARG 0 22 0.11475409836065574 0.08196721311475409 0.06557377049180328 0.09836065573770492 0.03278688524590164 0.08196721311475409 0.08196721311475409 0.04918032786885246 0.03278688524590164 0.06557377049180328 0.07377049180327869 0.040983606557377046 0.06557377049180328 0.05737704918032787 0.05737704918032787 
ARG 0 23 0.07352941176470588 0.07352941176470588 0.058823529411764705 0.11764705882352941 0.08823529411764706 0.029411764705882353 0.058823529411764705 0.07352941176470588 0.07352941176470588 0.058823529411764705 0.0 0.07352941176470588 0.07352941176470588 0.08823529411764706 0.058823529411764705 
ARG 0 24 0.03896103896103896 0.09090909090909091 0.03896103896103896 0.09090909090909091 0.05194805194805195 0.06493506493506493 0.09090909090909091 0.07792207792207792 0.07792207792207792 0.05194805194805195 0.1038961038961039 0.05194805194805195 0.025974025974025976 0.07792207792207792 0.06493506493506493 
ARG 0 25 0.045454545454545456 0.045454545454545456 0.06363636363636363 0.08181818181818182 0.05454545454545454 0.06363636363636363 0.05454545454545454 0.05454545454545454 0.09090909090909091 0.05454545454545454 0.07272727272727272 0.09090909090909091 0.06363636363636363 0.1 0.06363636363636363 
ARG 0 26 0.07947019867549669 0.06622516556291391 0.052980132450331126 0.052980132450331126 0.06622516556291391 0.046357615894039736 0.046357615894039736 0.10596026490066225 0.039735099337748346 0.06622516556291391 0.08609271523178808 0.0728476821192053 0.08609271523178808 0.0728476821192053 0.059602649006622516 
ARG 0 27 0.06382978723404255 0.04680851063829787 0.03829787234042553 0.08936170212765958 0.07659574468085106 0.06808510638297872 0.059574468085106386 0.08085106382978724 0.059574468085106386 0.07659574468085106 0.06382978723404255 0.07234042553191489 0.0851063829787234 0.0425531914893617 0.07659574468085106 
ARG 0 28 0.03111111111111111 0.04888888888888889 0.04 0.057777777777777775 0.04666666666666667 0.07111111111111111 0.06444444444444444 0.06666666666666667 0.08 0.07111111111111111 0.09111111111111111 0.07555555555555556 0.08222222222222222 0.08222222222222222 0.09111111111111111 
ARG 0 29 0.04849279161205767 0.05242463958060288 0.047182175622542594 0.057667103538663174 0.04849279161205767 0.061598951507208385 0.06684141546526867 0.07208387942332896 0.06815203145478375 0.07339449541284404 0.07863695937090433 0.07732634338138926 0.06946264744429882 0.09043250327653997 0.08781127129750983 
ARG 0 30 0.0480611687602403 0.042053522665210265 0.05406881485527035 0.042053522665210265 0.05570726379027854 0.06335335882031677 0.060076460950300385 0.06826870562534135 0.06335335882031677 0.07318405243036592 0.0764609503003823 0.07919169852539595 0.07919169852539595 0.09175314036045877 0.1032222829055161 
ARG 0 31 0.04261297120112386 0.04846640131116835 0.05291500819480215 0.04495434324514165 0.0580660266916413 0.059704987122453756 0.0625146335752751 0.06438773121048935 0.06766565207211427 0.06860220088972138 0.07843596347459611 0.08335284476703349 0.08358698197143526 0.08803558885506907 0.09669866541793491 
ARG 0 32 0.0515713134568896 0.05734622616169756 0.060166532366371206 0.06553854418479721 0.062449637389202256 0.0703733548213806 0.07144775718506581 0.069836153639538 0.07023905452591996 0.07413376309427881 0.069836153639538 0.07091055600322321 0.06997045393499866 0.07104485629868386 0.06513564329841526 
ARG 0 33 0.08112244897959184 0.08452380952380953 0.07976190476190476 0.07993197278911565 0.07908163265306123 0.06785714285714285 0.07006802721088436 0.07380952380952381 0.06598639455782312 0.06037414965986394 0.055272108843537414 0.05136054421768708 0.05170068027210884 0.05357142857142857 0.04557823129251701 
ARG 0 34 0.10028078620136383 0.08985158443642198 0.09346169273967107 0.07460890493381468 0.08945046129161653 0.07139991977537104 0.0645808263136783 0.06698756518251103 0.05896510228640193 0.057360609707180106 0.053750501403931006 0.05054151624548736 0.04773365423184918 0.045326915363016446 0.03569995988768552 
ARG 0 35 0.10626992561105207 0.09139213602550478 0.08820403825717323 0.07545164718384698 0.07438894792773645 0.06801275239107332 0.06801275239107332 0.08076514346439957 0.06588735387885228 0.057385759829968117 0.05419766206163656 0.04782146652497343 0.04675876726886291 0.04569606801275239 0.02975557917109458 
ARG 0 36 0.1070559610705596 0.07785888077858881 0.08759124087591241 0.072992700729927 0.0681265206812652 0.0535279805352798 0.08029197080291971 0.06569343065693431 0.07785888077858881 0.051094890510948905 0.038929440389294405 0.06326034063260341 0.058394160583941604 0.043795620437956206 0.0535279805352798 
ARG 0 37 0.10569105691056911 0.07317073170731707 0.052845528455284556 0.07317073170731707 0.06097560975609756 0.12195121951219512 0.056910569105691054 0.056910569105691054 0.1016260162601626 0.06097560975609756 0.06504065040650407 0.04878048780487805 0.032520325203252036 0.036585365853658534 0.052845528455284556 
ARG 0 38 0.09154929577464789 0.09859154929577464 0.056338028169014086 0.04225352112676056 0.1267605633802817 0.06338028169014084 0.07042253521126761 0.04929577464788732 0.09859154929577464 0.06338028169014084 0.07042253521126761 0.06338028169014084 0.04929577464788732 0.02112676056338028 0.035211267605633804 
ARG 0 39 0.10784313725490197 0.049019607843137254 0.06862745098039216 0.0196078431372549 0.09803921568627451 0.0392156862745098 0.049019607843137254 0.08823529411764706 0.049019607843137254 0.0784313725490196 0.049019607843137254 0.12745098039215685 0.06862745098039216 0.029411764705882353 0.0784313725490196 
ARG 0 40 0.05 0.05 0.075 0.025 0.025 0.075 0.0375 0.1 0.0375 0.0375 0.1625 0.0375 0.125 0.075 0.0875 
ARG 0 41 0.07751937984496124 0.031007751937984496 0.03875968992248062 0.05426356589147287 0.031007751937984496 0.06201550387596899 0.06976744186046512 0.046511627906976744 0.07751937984496124 0.06976744186046512 0.07751937984496124 0.06976744186046512 0.10852713178294573 0.11627906976744186 0.06976744186046512 
ARG 0 42 0.07075471698113207 0.05660377358490566 0.05188679245283019 0.08962264150943396 0.04245283018867924 0.05188679245283019 0.07547169811320754 0.06132075471698113 0.04716981132075472 0.05188679245283019 0.06132075471698113 0.08018867924528301 0.0660377358490566 0.09905660377358491 0.09433962264150944 
ARG 0 43 0.03248259860788863 0.06960556844547564 0.05104408352668213 0.04408352668213457 0.03248259860788863 0.05336426914153132 0.06960556844547564 0.04408352668213457 0.05568445475638051 0.09280742459396751 0.07888631090487239 0.08584686774941995 0.08120649651972157 0.10208816705336426 0.10672853828306264 
ARG 0 44 0.03731343283582089 0.04371002132196162 0.04797441364605544 0.060767590618336885 0.05543710021321962 0.057569296375266525 0.06183368869936034 0.07036247334754797 0.06823027718550106 0.05970149253731343 0.07569296375266525 0.07995735607675906 0.08635394456289978 0.09488272921108742 0.10021321961620469 
ARG 0 45 0.04116465863453815 0.040160642570281124 0.03982597054886212 0.0428380187416332 0.0498661311914324 0.0572289156626506 0.06191432396251673 0.0645917001338688 0.06492637215528782 0.07161981258366801 0.07697456492637215 0.09471218206157965 0.09370816599732262 0.09504685408299866 0.10542168674698796 
ARG 0 46 0.03677221654749745 0.039530132788559755 0.03993871297242084 0.051889683350357506 0.048927477017364655 0.05219611848825332 0.06128702757916241 0.06414708886618999 0.06894790602655772 0.07660878447395301 0.08324821246169561 0.08621041879468845 0.08958120531154239 0.09856996935648621 0.10214504596527069 
ARG 0 47 0.04986728166746443 0.051346764718680646 0.05191244941473391 0.057873895826987515 0.060397719855532835 0.061485575040250644 0.06592402419389931 0.06383534223924112 0.07131978591009965 0.07245115530220617 0.07480092250119665 0.07706366128540969 0.07910882903267917 0.0802837126321744 0.08232888037944389 
ARG 1 0 0.075267458512341 0.07535169741386573 0.07364585965799006 0.07101339398534243 0.07069749810462471 0.06711734478982394 0.06922331732794204 0.06595905989385899 0.0659380001684778 0.0638320276303597 0.06423216241260214 0.06239996630443939 0.059030410243450425 0.058124842052059644 0.058166961502822 
ARG 1 1 0.07565158357684701 0.07736355854659228 0.078839399037752 0.07491366333126716 0.07393960860710175 0.06989580566132413 0.07284748664364356 0.06700315829865108 0.0643466454145636 0.06414002774580123 0.05971250627232209 0.057911980873107234 0.05805956492222321 0.05472416541220225 0.05065084565660143 
ARG 1 2 0.09278174037089872 0.09118402282453637 0.08530670470756063 0.084679029957204 0.07800285306704707 0.07161198288159772 0.06670470756062767 0.06282453637660484 0.06236804564907275 0.05746077032810271 0.053751783166904425 0.05306704707560628 0.049757489300998575 0.048273894436519256 0.042225392296718976 
ARG 1 3 0.0912708941363757 0.08344388431944813 0.08317856195277262 0.0841071902361369 0.08079066065269302 0.0704430883523481 0.06898381533563279 0.06778986468559299 0.061820111435394 0.0579729371185991 0.05704430883523481 0.05240116741841337 0.048951976651631736 0.04736004245157867 0.04444149641814805 
ARG 1 4 0.0868780613560196 0.08352668213457076 0.07553493168342357 0.07837071410157256 0.0791441093065223 0.07553493168342357 0.07012116524877546 0.06883217324052592 0.061871616395978345 0.05491105955143078 0.054137664346481054 0.05568445475638051 0.05104408352668213 0.05723124516627997 0.04717710750193349 
ARG 1 5 0.07824989482541019 0.08287757677745057 0.08329827513672697 0.059739167017248636 0.06941522928060581 0.07320151451409339 0.07614640302902818 0.070677324358435 0.06562894404711822 0.06604964240639462 0.04964240639461506 0.05721497686159024 0.05258729490954985 0.05721497686159024 0.05805637358014304 
ARG 1 6 0.091796875 0.08984375 0.07877604166666667 0.07682291666666667 0.07552083333333333 0.064453125 0.07161458333333333 0.07291666666666667 0.055338541666666664 0.054036458333333336 0.057291666666666664 0.048828125 0.06380208333333333 0.048177083333333336 0.05078125 
ARG 1 7 0.08484270734032412 0.10104861773117255 0.08484270734032412 0.08198284080076262 0.08579599618684461 0.0667302192564347 0.06196377502383222 0.06768350810295519 0.057197330791229746 0.052430886558627265 0.06196377502383222 0.057197330791229746 0.04861773117254528 0.044804575786463297 0.042897998093422304 
ARG 1 8 0.06462984723854288 0.06227967097532315 0.07285546415981199 0.07873090481786134 0.07285546415981199 0.0564042303172738 0.06110458284371328 0.041128084606345476 0.07403055229142186 0.07168037602820211 0.06345475910693302 0.055229142185663924 0.07168037602820211 0.07168037602820211 0.08225616921269095 
ARG 1 9 0.05235137533274179 0.04702750665483585 0.06743566992014197 0.06832298136645963 0.06654835847382432 0.061224489795918366 0.055900621118012424 0.07542147293700088 0.06388642413487133 0.06654835847382432 0.07187222715173026 0.06832298136645963 0.07808340727595386 0.07275953859804792 0.08429458740017746 
ARG 1 10 0.05920624593363696 0.0605074821080026 0.057254391672088484 0.07612231620039037 0.054001301236174366 0.06506180871828236 0.05530253741054001 0.06701366297983084 0.062459336369551074 0.07091737150292778 0.062459336369551074 0.07547169811320754 0.07156798959011061 0.07807417046193885 0.08458035133376708 
ARG 1 11 0.053817847286108556 0.05657773689052438 0.05565777368905244 0.05749770009199632 0.06485740570377185 0.07405703771849126 0.06577736890524379 0.06531738730450783 0.05979760809567617 0.08233670653173873 0.07359705611775529 0.07129714811407543 0.0703771849126035 0.06991720331186753 0.07911683532658693 
ARG 1 12 0.05354280218018596 0.06219942289195255 0.0647643475472908 0.07085604360371914 0.0628406540557871 0.06252003847386983 0.06893235011221545 0.06604680987495992 0.06219942289195255 0.07310035267714012 0.06700865662071177 0.06668804103879448 0.06893235011221545 0.07694773966014748 0.07342096825905739 
ARG 1 13 0.047244094488188976 0.05946953999171156 0.05304600082884376 0.06257770410277663 0.057604641525072525 0.060298383754662246 0.06692913385826772 0.0663075010360547 0.06796518856195607 0.0627849150435143 0.07521757148777455 0.07583920430998757 0.07542478242851222 0.08122668876916701 0.08806464981351016 
ARG 1 14 0.05247918928700688 0.054892025576064665 0.05742550367957534 0.057063578236216675 0.060441549040897574 0.06080347448425624 0.06273374351550247 0.06466401254674871 0.0669562070213536 0.08034744842562432 0.07636626854867898 0.07298829774399807 0.07877910483773676 0.0761249849197732 0.07793461213656654 
ARG 1 15 0.07736353225601221 0.07481867922127497 0.07761801755948594 0.07316452474869577 0.07252831149001145 0.07176485557959028 0.06960173050006362 0.06387581117190483 0.0699834584552742 0.06069474487848327 0.06171268609237816 0.05725919328158799 0.05929507570937778 0.0558595241124825 0.05445985494337702 
ARG 1 16 0.08524801374275284 0.08954262400687138 0.08868370195404766 0.0783766373201632 0.08310070861069357 0.07794717629375134 0.0687137642258965 0.06098346575048314 0.056474124973158686 0.059050891131629805 0.05454155035430535 0.05561520292033498 0.05067640111659867 0.04681125187889199 0.04423448572042087 
ARG 1 17 0.09765438008616563 0.10292005744375299 0.09143130684538056 0.08185734801340354 0.07754906653901389 0.07898516036381044 0.060794638583054096 0.07036859741503111 0.052656773575873624 0.05935854475825754 0.048827190043082815 0.04691239827668741 0.04978458592628052 0.04595500239348971 0.034944949736716135 
ARG 1 18 0.1162079510703364 0.10397553516819572 0.08409785932721713 0.0764525993883792 0.07339449541284404 0.07492354740061162 0.06880733944954129 0.07033639143730887 0.05657492354740061 0.03669724770642202 0.053516819571865444 0.04281345565749235 0.053516819571865444 0.05198776758409786 0.03669724770642202 
ARG 1 19 0.10112359550561797 0.10486891385767791 0.08239700374531835 0.10486891385767791 0.1198501872659176 0.08614232209737828 0.052434456928838954 0.0449438202247191 0.018726591760299626 0.06741573033707865 0.0449438202247191 0.04868913857677903 0.04119850187265917 0.04868913857677903 0.033707865168539325 
ARG 1 20 0.09848484848484848 0.09848484848484848 0.11363636363636363 0.08333333333333333 0.09090909090909091 0.06060606060606061 0.045454545454545456 0.030303030303030304 0.045454545454545456 0.06818181818181818 0.045454545454545456 0.06060606060606061 0.06060606060606061 0.05303030303030303 0.045454545454545456 
ARG 1 21 0.07936507936507936 0.09523809523809523 0.047619047619047616 0.07936507936507936 0.047619047619047616 0.06349206349206349 0.09523809523809523 0.12698412698412698 0.031746031746031744 0.047619047619047616 0.07936507936507936 0.047619047619047616 0.031746031746031744 0.047619047619047616 0.07936507936507936 
ARG 1 22 0.0967741935483871 0.06451612903225806 0.12903225806451613 0.03225806451612903 0.06451612903225806 0.06451612903225806 0.03225806451612903 0.12903225806451613 0.0 0.03225806451612903 0.12903225806451613 0.03225806451612903 0.03225806451612903 0.0967741935483871 0.06451612903225806 
ARG 1 23 0.037037037037037035 0.07407407407407407 0.037037037037037035 0.0 0.1111111111111111 0.0 0.1111111111111111 0.037037037037037035 0.037037037037037035 0.1111111111111111 0.07407407407407407 0.07407407407407407 0.07407407407407407 0.07407407407407407 0.14814814814814814 
ARG 1 24 0.05555555555555555 0.16666666666666666 0.1111111111111111 0.05555555555555555 0.05555555555555555 0.05555555555555555 0.05555555555555555 0.0 0.05555555555555555 0.0 0.1111111111111111 0.05555555555555555 0.05555555555555555 0.1111111111111111 0.05555555555555555 
ARG 1 25 0.03571428571428571 0.03571428571428571 0.07142857142857142 0.14285714285714285 0.0 0.07142857142857142 0.10714285714285714 0.07142857142857142 0.03571428571428571 0.14285714285714285 0.0 0.03571428571428571 0.07142857142857142 0.07142857142857142 0.10714285714285714 
ARG 1 26 0.1111111111111111 0.05555555555555555 0.05555555555555555 0.0 0.027777777777777776 0.027777777777777776 0.08333333333333333 0.08333333333333333 0.08333333333333333 0.08333333333333333 0.16666666666666666 0.08333333333333333 0.08333333333333333 0.05555555555555555 0.0 
ARG 1 27 0.031746031746031744 0.047619047619047616 0.07936507936507936 0.047619047619047616 0.015873015873015872 0.047619047619047616 0.09523809523809523 0.047619047619047616 0.07936507936507936 0.06349206349206349 0.09523809523809523 0.047619047619047616 0.07936507936507936 0.1111111111111111 0.1111111111111111 
ARG 1 28 0.04316546762589928 0.04316546762589928 0.05755395683453238 0.07194244604316546 0.09352517985611511 0.04316546762589928 0.03597122302158273 0.07913669064748201 0.04316546762589928 0.05755395683453238 0.1223021582733813 0.07913669064748201 0.050359712230215826 0.1079136690647482 0.07194244604316546 
ARG 1 29 0.03089887640449438 0.06179775280898876 0.03932584269662921 0.056179775280898875 0.033707865168539325 0.06179775280898876 0.06460674157303371 0.06741573033707865 0.07303370786516854 0.0702247191011236 0.0702247191011236 0.09831460674157304 0.07865168539325842 0.11797752808988764 0.07584269662921349 
ARG 1 30 0.030421216848673948 0.0343213728549142 0.031981279251170044 0.042901716068642744 0.06006240249609984 0.0514820592823713 0.05382215288611544 0.06630265210608424 0.06162246489859594 0.06708268330733229 0.08502340093603744 0.093603744149766 0.09126365054602184 0.10140405616224649 0.12870514820592824 
ARG 1 31 0.0451668584579977 0.043153049482163405 0.049769850402761794 0.05178365937859609 0.056962025316455694 0.059263521288837745 0.058400460299194476 0.06185270425776755 0.07336018411967779 0.06904487917146145 0.07738780207134638 0.0883199079401611 0.08803222094361335 0.08947065592635213 0.08803222094361335 
ARG 1 32 0.053427617363975645 0.06246317030053035 0.062070320172854056 0.0695344725987036 0.06796307208799843 0.06580239638577882 0.06560597132194068 0.07503437438617168 0.0764093498330387 0.06855234727951287 0.06560597132194068 0.07149872323708505 0.06658809664113141 0.0648202710665881 0.06462384600274995 
ARG 1 33 0.07877136487490712 0.07208323012137725 0.07703740401288085 0.06366113450582116 0.0668813475352985 0.06712905622987367 0.07059697795392618 0.0666336388407233 0.06341342581124597 0.07010156056477583 0.07059697795392618 0.06886301709189993 0.05994550408719346 0.054000495417389154 0.050284864998761454 
ARG 1 34 0.0776813880126183 0.07531545741324921 0.08399053627760253 0.06269716088328076 0.06782334384858044 0.0721608832807571 0.07097791798107256 0.07965299684542587 0.05717665615141956 0.06782334384858044 0.06033123028391167 0.0583596214511041 0.05402208201892744 0.05481072555205047 0.05717665615141956 
ARG 1 35 0.08442669709070165 0.07529948659440959 0.06788362806617228 0.07701083856246435 0.0638904734740445 0.07187678265830005 0.07073588134626355 0.06959498003422704 0.06274957216200798 0.0638904734740445 0.05191100969766115 0.05818596691386195 0.06446092413006276 0.06617227609811752 0.05191100969766115 
ARG 1 36 0.08608762490392007 0.0722521137586472 0.06302843966179862 0.0722521137586472 0.06456571867794005 0.0622598001537279 0.06533435818601076 0.07455803228285934 0.0722521137586472 0.06840891621829362 0.05918524212144504 0.0568793235972329 0.053804765564950036 0.0722521137586472 0.0568793235972329 
ARG 1 37 0.07647628267182963 0.07357212003872217 0.07260406582768635 0.05614714424007745 0.06582768635043562 0.05808325266214908 0.06292352371732816 0.06389157792836399 0.07454017424975799 0.05614714424007745 0.07260406582768635 0.06389157792836399 0.07066795740561471 0.07357212003872217 0.0590513068731849 
ARG 1 38 0.08984830805134189 0.073512252042007 0.056009334889148193 0.073512252042007 0.058343057176196034 0.059509918319719954 0.07117852975495916 0.060676779463243874 0.0676779463243874 0.058343057176196034 0.0676779463243874 0.061843640606767794 0.059509918319719954 0.07467911318553092 0.0676779463243874 
ARG 1 39 0.08553654743390357 0.08242612752721618 0.05909797822706065 0.07620528771384137 0.06376360808709176 0.08242612752721618 0.08398133748055987 0.05598755832037325 0.06531881804043546 0.05443234836702955 0.06998444790046657 0.06220839813374806 0.04043545878693624 0.05754276827371695 0.060653188180404355 
ARG 1 40 0.07036535859269283 0.05412719891745602 0.05006765899864682 0.06089309878213803 0.058186738836265225 0.05548037889039242 0.04736129905277402 0.06901217861975643 0.05412719891745602 0.08795669824086604 0.06630581867388363 0.07442489851150202 0.08795669824086604 0.08660351826792964 0.07713125845737483 
ARG 1 41 0.04660045836516425 0.06646294881588999 0.057295645530939646 0.06264323911382735 0.06646294881588999 0.05500381970970206 0.06799083269671505 0.07028265851795264 0.06264323911382735 0.06951871657754011 0.07868601986249045 0.061879297173414824 0.07028265851795264 0.06951871657754011 0.09472880061115355 
ARG 1 42 0.053562653562653564 0.057985257985257985 0.04914004914004914 0.05552825552825553 0.05552825552825553 0.06044226044226044 0.0746928746928747 0.07125307125307126 0.06633906633906633 0.06584766584766585 0.06535626535626536 0.08746928746928746 0.07764127764127764 0.07616707616707617 0.08304668304668304 
ARG 1 43 0.04874489200233508 0.04874489200233508 0.04786923525977817 0.0545826036193812 0.06071220081727963 0.05516637478108581 0.063922942206655 0.06538237011091652 0.06509048453006422 0.08114419147694103 0.08143607705779335 0.07676590776415645 0.08347927612375948 0.08231173380035026 0.0846468184471687 
ARG 1 44 0.04769083184870495 0.04330546800054817 0.05426887762094011 0.04906125805125394 0.05235028093737152 0.05385774976017541 0.06276552007674387 0.061532136494449774 0.06811018226668494 0.0740030149376456 0.0745511854186652 0.08524050979854735 0.09044812936823352 0.09209264081129231 0.09072221460874332 
ARG 1 45 0.045202734559170205 0.046381423856671385 0.050035360678925035 0.04915134370579915 0.051685525695426685 0.05581093823668081 0.06235266383781235 0.06612446958981612 0.06671381423856672 0.07384488448844885 0.07702734559170203 0.08374587458745875 0.08462989156058463 0.0894035832154644 0.0978901461574729 
ARG 1 46 0.04792548189938881 0.050658204043253406 0.05289139633286319 0.057769158439116126 0.05876821814762576 0.0625 0.06176539727315468 0.06767160319699107 0.07131523272214386 0.07190291490362012 0.07404795486600846 0.07725082275505407 0.08068876351669017 0.08021861777150917 0.0846262341325811 
ARG 1 47 0.05568359375 0.05669921875 0.059375 0.0608984375 0.06296875 0.06384765625 0.064921875 0.0688671875 0.066953125 0.0773046875 0.077734375 0.0730078125 0.0706640625 0.0694140625 0.07166015625 
ARG 2 0 0.10021941697774485 0.0838913743481606 0.06673695608810874 0.07195167127347334 0.07046989428091072 0.07015644145556094 0.06779129740973984 0.06910210013392984 0.06269056506995697 0.06214914655344371 0.05915709685692303 0.05533867152993475 0.05607956002621606 0.053286980309463425 0.05097882768643319 
ARG 2 1 0.08607376208218587 0.08585776769803985 0.08477779577730979 0.08191587018737513 0.0744640639343377 0.07414007235811869 0.07111615098007452 0.06598628435660672 0.06177439386575949 0.05934445704411685 0.055402559533452134 0.05524056374534262 0.0512446676386414 0.047680760300232196 0.044980830498407044 
ARG 2 2 0.10179153094462541 0.0877152163797115 0.07654723127035831 0.0857375523499302 0.07701256398324802 0.06712424383434155 0.07363890181479758 0.0652629129827827 0.06258724988366682 0.05828292228943695 0.05665425779432294 0.05037226617031177 0.04839460214053048 0.046184271754304326 0.04269427640763146 
ARG 2 3 0.09828571428571428 0.08182857142857143 0.07222857142857143 0.07977142857142858 0.0752 0.07497142857142858 0.0672 0.06742857142857143 0.061714285714285715 0.05645714285714286 0.0544 0.05942857142857143 0.05737142857142857 0.048685714285714284 0.04502857142857143 
ARG 2 4 0.08452429563086974 0.08248264597795019 0.07799101674152716 0.0726827276439363 0.07635769701919151 0.06859942833809718 0.0759493670886076 0.06492445896284198 0.06819109840751326 0.06778276847692936 0.05675786035116374 0.05104124132298898 0.04981625153123724 0.05716619028174765 0.045732952225398124 
ARG 2 5 0.06862745098039216 0.08131487889273356 0.07958477508650519 0.06862745098039216 0.07612456747404844 0.06747404844290658 0.06978085351787774 0.06920415224913495 0.058246828143021914 0.06113033448673587 0.058246828143021914 0.05594002306805075 0.06170703575547866 0.058246828143021914 0.0657439446366782 
ARG 2 6 0.07130872483221476 0.07214765100671142 0.07130872483221476 0.08473154362416108 0.0796979865771812 0.07550335570469799 0.0662751677852349 0.061241610738255035 0.06543624161073826 0.06040268456375839 0.07046979865771812 0.06459731543624161 0.0587248322147651 0.047818791946308725 0.050335570469798654 
ARG 2 7 0.07894736842105263 0.07346491228070176 0.0800438596491228 0.06578947368421052 0.07236842105263158 0.09320175438596491 0.06798245614035088 0.06140350877192982 0.05701754385964912 0.06469298245614036 0.0625 0.05592105263157895 0.046052631578947366 0.06578947368421052 0.05482456140350877 
ARG 2 8 0.050617283950617285 0.05185185185185185 0.05925925925925926 0.05185185185185185 0.0728395061728395 0.06049382716049383 0.06296296296296296 0.08395061728395062 0.0691358024691358 0.06296296296296296 0.07777777777777778 0.0691358024691358 0.07777777777777778 0.07777777777777778 0.07160493827160494 
ARG 2 9 0.058731401722787784 0.05716523101018011 0.06186374314800313 0.05716523101018011 0.056382145653876274 0.05794831636648395 0.05559906029757244 0.06891151135473766 0.08379013312451057 0.08065779169929523 0.06656225528582616 0.047768206734534066 0.07830853563038372 0.08065779169929523 0.08848864526233359 
ARG 2 10 0.059966685174902834 0.06551915602443087 0.06496390893947807 0.06107717934480844 0.05385896724042199 0.06496390893947807 0.0699611327040533 0.06829539144919489 0.05385896724042199 0.06551915602443087 0.07162687395891172 0.07440310938367574 0.07495835646862854 0.07551360355358135 0.07551360355358135 
ARG 2 11 0.05694497883801462 0.05732974220854175 0.053866871873797614 0.05425163524432474 0.060023085802231625 0.06502500961908426 0.0700269334359369 0.06733358984224702 0.06156213928434013 0.06656406310119277 0.08080030781069643 0.06848787995382839 0.08272412466333205 0.07656791073489803 0.07849172758753367 
ARG 2 12 0.05472988912479358 0.04765274828969097 0.05732484076433121 0.058504364236848315 0.05803255484784147 0.06322245812691672 0.06534560037744751 0.06652512384996462 0.07336635999056382 0.07407407407407407 0.07171502712903986 0.06935598018400566 0.07501769285208776 0.08374616654871432 0.08138711960368011 
ARG 2 13 0.04862707148905286 0.04729647998064594 0.04898996008225475 0.05261884601427362 0.05528002903108745 0.05915084069190758 0.05902987782750695 0.07040038708116608 0.06689246401354784 0.0737873472843837 0.08189185919922584 0.07330349582678118 0.0788677875892101 0.09410910850368936 0.08975444538526672 
ARG 2 14 0.05088380556277619 0.05036391993761372 0.05361320509487913 0.06108656095658955 0.05523784767351183 0.06128151806602548 0.06316610345723941 0.06700025994281258 0.07024954510007798 0.06927475955289836 0.07739797244606186 0.07707304393033533 0.08272680010397712 0.08051728619703666 0.0801273719781648 
ARG 2 15 0.06636636636636636 0.06871871871871872 0.06871871871871872 0.06926926926926927 0.06821821821821822 0.07052052052052052 0.07062062062062062 0.06621621621621622 0.07022022022022022 0.06736736736736737 0.06571571571571572 0.06341341341341342 0.06441441441441441 0.06061061061061061 0.05960960960960961 
ARG 2 16 0.08502666090214728 0.08142383628764951 0.08272085314886872 0.07054330595186627 0.07148004035163569 0.07342556564346447 0.06391410866119038 0.06830955469087764 0.06621991641446895 0.05771725032425422 0.062328865830811354 0.058798097708603544 0.05598789450929529 0.05368208675601672 0.04842196281884998 
ARG 2 17 0.09539170506912442 0.09262672811059908 0.0771121351766513 0.0815668202764977 0.07603686635944701 0.07357910906298003 0.07019969278033794 0.06589861751152074 0.059600614439324115 0.05806451612903226 0.05898617511520737 0.047926267281105994 0.04900153609831029 0.047926267281105994 0.04608294930875576 
ARG 2 18 0.09125214408233276 0.08816466552315609 0.08336192109777016 0.08130360205831903 0.08061749571183534 0.06449399656946826 0.06518010291595197 0.07066895368782161 0.0620926243567753 0.054202401372212695 0.05660377358490566 0.05660377358490566 0.047341337907375644 0.0476843910806175 0.05042881646655232 
ARG 2 19 0.08532934131736528 0.09206586826347306 0.08832335329341318 0.08008982035928144 0.0688622754491018 0.08008982035928144 0.06736526946107785 0.0688622754491018 0.050149700598802395 0.06661676646706587 0.058383233532934134 0.04565868263473054 0.05464071856287425 0.05089820359281437 0.04266467065868264 
ARG 2 20 0.1 0.08873239436619719 0.09577464788732394 0.07042253521126761 0.07323943661971831 0.07042253521126761 0.04507042253521127 0.06338028169014084 0.056338028169014086 0.0647887323943662 0.05211267605633803 0.057746478873239436 0.05070422535211268 0.061971830985915494 0.04929577464788732 
ARG 2 21 0.06358381502890173 0.0838150289017341 0.09248554913294797 0.07803468208092486 0.06358381502890173 0.09826589595375723 0.06647398843930635 0.06936416184971098 0.05202312138728324 0.03757225433526012 0.06936416184971098 0.03757225433526012 0.06936416184971098 0.06647398843930635 0.05202312138728324 
ARG 2 22 0.11224489795918367 0.04591836734693878 0.10714285714285714 0.07142857142857142 0.10204081632653061 0.05102040816326531 0.04081632653061224 0.08673469387755102 0.061224489795918366 0.07142857142857142 0.061224489795918366 0.03571428571428571 0.05102040816326531 0.061224489795918366 0.04081632653061224 
ARG 2 23 0.08 0.05 0.04 0.08 0.08 0.1 0.1 0.01 0.06 0.07 0.07 0.08 0.06 0.08 0.04 
ARG 2 24 0.07 0.05 0.04 0.05 0.07 0.07 0.05 0.04 0.06 0.15 0.05 0.11 0.05 0.11 0.03 
ARG 2 25 0.07428571428571429 0.05142857142857143 0.07428571428571429 0.06285714285714286 0.08 0.04 0.04 0.07428571428571429 0.06285714285714286 0.04 0.11428571428571428 0.07428571428571429 0.03428571428571429 0.08571428571428572 0.09142857142857143 
ARG 2 26 0.038461538461538464 0.038461538461538464 0.054945054945054944 0.03296703296703297 0.07417582417582418 0.06318681318681318 0.08791208791208792 0.054945054945054944 0.09065934065934066 0.08516483516483517 0.07692307692307693 0.07692307692307693 0.06043956043956044 0.07692307692307693 0.08791208791208792 
ARG 2 27 0.045454545454545456 0.03535353535353535 0.04208754208754209 0.06565656565656566 0.04377104377104377 0.05555555555555555 0.06397306397306397 0.0723905723905724 0.06228956228956229 0.05387205387205387 0.08585858585858586 0.07575757575757576 0.1111111111111111 0.09090909090909091 0.09595959595959595 
ARG 2 28 0.04887820512820513 0.05048076923076923 0.05608974358974359 0.052884615384615384 0.06490384615384616 0.052884615384615384 0.06169871794871795 0.07291666666666667 0.06570512820512821 0.07131410256410256 0.06810897435897435 0.07692307692307693 0.0921474358974359 0.08333333333333333 0.08173076923076923 
ARG 2 29 0.04380664652567976 0.03965256797583082 0.04909365558912387 0.0547583081570997 0.05777945619335347 0.06457703927492447 0.0668429003021148 0.0634441087613293 0.06835347432024169 0.07628398791540786 0.07515105740181269 0.07212990936555891 0.08194864048338368 0.09327794561933535 0.09290030211480363 
ARG 2 30 0.04329754069968826 0.04970557672324212 0.04589539314166955 0.0542085209560097 0.05645999307239349 0.0626948389331486 0.0600969864911673 0.06425355039833737 0.07464496016626256 0.06944925528229996 0.07637686179425009 0.08191894700381018 0.08815379286456529 0.0822653273294077 0.09057845514374784 
ARG 2 31 0.04728233089112285 0.04770829783608792 0.055801669790424266 0.05486454251150111 0.05656841029136139 0.06193559379792128 0.06099846651899812 0.0698585789742716 0.06892145169534844 0.0740330550349293 0.07181802692111092 0.08101891293235645 0.07888907820753109 0.08161526665530755 0.08868631794172772 
ARG 2 32 0.056161816578483244 0.05787037037037037 0.06123236331569665 0.06261022927689594 0.06194885361552028 0.06569664902998236 0.07528659611992945 0.06635802469135803 0.07027116402116403 0.0667989417989418 0.07908950617283951 0.06757054673721341 0.0740189594356261 0.06966490299823633 0.06542107583774251 
ARG 2 33 0.07818900974713942 0.08207373922870462 0.08306257946037576 0.07953100720440741 0.07140839101568018 0.07190281113151575 0.06907755332674106 0.06738239864387625 0.06328577482695295 0.062438197485520555 0.05820031077835853 0.05855346800395536 0.053538635400480296 0.05099590337618308 0.050360220370108774 
ARG 2 34 0.09250681198910082 0.08569482288828338 0.07643051771117167 0.08487738419618529 0.07643051771117167 0.07275204359673025 0.0709809264305177 0.07043596730245232 0.061716621253406 0.0555858310626703 0.05653950953678474 0.0553133514986376 0.04482288828337875 0.04741144414168937 0.048501362397820165 
ARG 2 35 0.08861746361746362 0.07198544698544698 0.07978170478170478 0.08627858627858628 0.07224532224532225 0.07926195426195426 0.06626819126819126 0.060291060291060294 0.06678794178794178 0.058471933471933475 0.058471933471933475 0.058991683991683995 0.05015592515592516 0.04833679833679834 0.05405405405405406 
